*********For pair of graphs******
For first graph:
0th iteration of source & target
source: 4344target: 421
Dijkstra without heap time taken is: 0.01584
Source: 4344 Target: 421
######################
4344 3379 2629 2198 666 3503 3502 2674 653 728 729 184 183 4581 4582 3801 4433 4432 1321 4623 2606 1604 1603 1602 613 786 785 421 
######################
Source: 4344 Target: 421
######################
4344 3379 3380 3381 3602 2080 3706 3321 3239 694 1591 1386 1387 2588 3398 2862 2838 4273 3909 3910 2519 2155 4915 4914 1936 1504 3256 2116 2117 2713 626 916 915 4546 3825 3826 3899 2307 421 
######################
Dijkstra with heap time taken is: 0.002252
Source: 4344 Target: 421
######################
4344 3379 2629 2198 666 3503 3502 2674 653 728 729 184 183 4581 4582 3801 4433 4432 1321 4623 2606 1604 1603 1602 613 786 785 421 
######################
kruskal time taken is: 0.00844
1th iteration of source & target
source: 2418target: 859
Dijkstra without heap time taken is: 0.008546
Source: 2418 Target: 859
######################
2418 4667 4666 4665 2266 4311 2091 2092 2564 2563 2313 750 1609 2883 4866 2954 1942 2247 1053 1054 4791 4653 4947 987 2140 728 729 184 183 4581 4582 3801 3171 1137 1136 3190 3191 737 1679 859 
######################
Source: 2418 Target: 859
######################
2418 4667 4666 4665 2266 4311 2091 2092 2564 2563 4112 4920 4919 4918 2748 1401 2649 1204 2630 2629 2198 666 3503 3502 2674 653 728 729 184 183 4581 4582 3801 3171 1137 1136 3190 3191 737 1679 859 
######################
Dijkstra with heap time taken is: 0.001167
Source: 2418 Target: 859
######################
2418 4667 4666 4665 2266 4311 2091 2092 2564 2563 2313 750 1609 2883 4866 2954 1942 2247 1053 1054 4791 4653 4947 987 2140 728 729 184 183 4581 4582 3801 3171 1137 1136 3190 3191 737 1679 859 
######################
kruskal time taken is: 0.008798
2th iteration of source & target
source: 3995target: 4803
Dijkstra without heap time taken is: 0.09844
Source: 3995 Target: 4803
######################
3995 3994 867 3759 3760 468 467 4160 4161 2497 3290 3289 1783 1089 729 184 183 4581 4582 3801 3171 4253 325 553 3210 526 527 528 4561 3331 4137 2840 4260 1987 1986 293 292 3082 4701 3227 2875 4394 44 4520 3170 3280 3279 2259 2258 901 900 685 1200 4803 
######################
Source: 3995 Target: 4803
######################
3995 3994 867 3759 3760 468 467 4160 3636 3635 4233 4234 861 62 844 843 842 4843 4905 4904 4562 1331 1330 4977 4978 1941 1942 2954 4866 2883 1609 750 2313 2563 4112 4920 4919 4918 2748 1401 2649 901 900 685 1200 4803 
######################
Dijkstra with heap time taken is: 0.004288
Source: 3995 Target: 4803
######################
3995 3994 867 3759 3760 468 467 4160 4161 2497 3290 3289 1783 1089 729 184 183 4581 4582 3801 3171 4253 325 553 3210 526 527 528 4561 3331 4137 2840 4260 1987 1986 293 292 3082 4701 3227 2875 4394 44 4520 3170 3280 3279 2259 2258 901 900 685 1200 4803 
######################
kruskal time taken is: 0.008466
3th iteration of source & target
source: 167target: 3468
Dijkstra without heap time taken is: 0.019998
Source: 167 Target: 3468
######################
167 168 98 847 4382 253 3194 859 1679 737 3191 3190 1136 1137 3171 3801 4582 4581 183 184 729 1089 1783 3289 3290 2497 3452 4621 144 2499 4204 2753 2411 3843 2951 2952 2827 1769 2907 4087 4086 1803 1804 1805 1806 1051 3505 2590 3469 3468 
######################
Source: 167 Target: 3468
######################
167 168 98 3280 3281 201 2453 1481 334 335 336 337 881 2966 2965 2590 3469 3468 
######################
Dijkstra with heap time taken is: 0.002209
Source: 167 Target: 3468
######################
167 168 98 847 4382 253 3194 859 1679 737 3191 3190 1136 1137 3171 3801 4582 4581 183 184 729 1089 1783 3289 3290 2497 3452 4621 144 2499 4204 2753 2411 3843 2951 2952 2827 1769 2907 4087 4086 1803 1804 1805 1806 1051 3505 2590 3469 3468 
######################
kruskal time taken is: 0.008358
4th iteration of source & target
source: 3496target: 745
Dijkstra without heap time taken is: 0.173864
Source: 3496 Target: 745
######################
3496 4989 1853 1854 2454 936 1432 1431 3001 3000 2999 1467 3131 4181 3790 3789 4732 4733 179 4823 1145 1146 790 449 717 525 524 745 
######################
Source: 3496 Target: 745
######################
3496 4989 1853 3397 1740 4434 4732 4731 3176 1491 67 66 1999 4698 4141 1398 4109 4822 4823 1145 1146 790 449 717 525 524 745 
######################
Dijkstra with heap time taken is: 0.003887
Source: 3496 Target: 745
######################
3496 4989 1853 1854 2454 936 1432 1431 3001 3000 2999 1467 3131 4181 3790 3789 4732 4733 179 4823 1145 1146 790 449 717 525 524 745 
######################
kruskal time taken is: 0.008165
For second graph:
0th iteration of source & target
source: 3443target: 4343
Dijkstra without heap time taken is: 0.519827
Source: 3443 Target: 4343
######################
3443 2675 1322 649 1392 2158 2209 1343 3150 375 3963 2908 4274 4523 347 1747 2248 1168 1332 1537 512 2138 2892 1526 3678 3708 554 3664 185 3134 540 3174 3567 750 508 2380 1925 1420 189 777 3216 1425 867 4343 
######################
Source: 3443 Target: 4343
######################
3443 2352 1795 4799 2769 2081 3785 2380 1925 1420 189 777 3216 1425 867 4343 
######################
Dijkstra with heap time taken is: 0.324021
Source: 3443 Target: 4343
######################
3443 2675 1322 649 1392 2158 2209 4633 1822 1935 904 3181 3306 2849 4868 1244 1197 2966 9 942 732 3056 1922 3854 2993 2549 418 4405 654 627 1025 4941 851 4361 4646 4836 4389 4386 2596 1960 4791 4240 3464 1772 2588 3735 1425 867 4343 
######################
kruskal time taken is: 3.91045
1th iteration of source & target
source: 3917target: 4170
Dijkstra without heap time taken is: 0.592676
Source: 3917 Target: 4170
######################
3917 904 3181 3306 2849 4718 562 1680 2010 2998 3792 1019 510 3368 3507 1870 3489 3223 3849 3583 1072 4010 3254 1394 3299 2120 2511 4116 1286 905 4170 
######################
Source: 3917 Target: 4170
######################
3917 904 3181 3306 2849 4718 2683 1776 1414 1800 1423 4109 4553 4227 1535 1286 905 4170 
######################
Dijkstra with heap time taken is: 0.362084
Source: 3917 Target: 4170
######################
3917 904 3181 3306 2849 4868 1244 1197 4848 489 2385 3272 4041 2605 4702 4124 4459 4221 1803 3694 1637 1259 3246 3800 2535 3316 2498 4883 4876 2147 545 3269 2240 3368 3507 1870 3489 3223 3849 3583 1072 4010 3254 1394 3299 2120 2511 4116 1286 905 4170 
######################
kruskal time taken is: 1.83827
2th iteration of source & target
source: 3957target: 4310
Dijkstra without heap time taken is: 0.276461
Source: 3957 Target: 4310
######################
3957 778 96 4008 273 128 4313 2791 2968 853 2784 2986 1534 5 2894 3284 1168 644 3767 4260 100 2198 3578 426 1115 440 4243 1767 4041 3272 2385 489 4848 1197 2966 1297 4698 791 4017 3815 4094 4580 812 1385 3503 584 4310 
######################
Source: 3957 Target: 4310
######################
3957 778 96 4008 273 4296 1034 4675 4283 376 4082 3306 2849 4718 2683 2011 4916 4310 
######################
Dijkstra with heap time taken is: 0.111862
Source: 3957 Target: 4310
######################
3957 778 96 4008 273 128 4313 2791 2968 853 2784 2986 1534 5 2894 3284 3793 1173 443 4843 2143 3090 2925 4459 4221 1803 3694 1637 1259 3246 3800 2535 3316 2498 4883 4431 3815 4094 4580 812 1385 3503 584 4310 
######################
kruskal time taken is: 1.73231
3th iteration of source & target
source: 3192target: 2428
Dijkstra without heap time taken is: 0.514938
Source: 3192 Target: 2428
######################
3192 3068 3530 1892 4416 4552 2127 4541 212 3747 4259 1066 2523 3877 2279 3009 3923 3307 4062 262 940 3240 2333 1943 3081 748 2137 750 508 2380 1925 1420 189 3793 2718 3618 1240 1089 3800 3350 1052 2886 2974 3985 4185 712 2428 
######################
Source: 3192 Target: 2428
######################
3192 3068 3530 1892 4416 4552 2127 4541 212 3747 2871 4185 712 2428 
######################
Dijkstra with heap time taken is: 0.362804
Source: 3192 Target: 2428
######################
3192 3068 3530 1892 4416 4552 2127 4541 3634 4100 4756 3447 705 1372 4293 4127 395 2998 2010 1680 562 4718 2849 4868 2181 2229 3843 4400 911 4275 2697 3350 1052 2886 2974 3985 4185 712 2428 
######################
kruskal time taken is: 1.82999
4th iteration of source & target
source: 3839target: 3945
Dijkstra without heap time taken is: 0.272418
Source: 3839 Target: 3945
######################
3839 3817 1294 4141 337 476 2338 520 3056 732 1544 2436 1414 1776 2683 1248 2494 1496 3280 2515 2109 1009 613 997 2774 2697 3200 3246 1259 1637 1352 2610 710 435 61 947 2406 1144 3940 3945 
######################
Source: 3839 Target: 3945
######################
3839 3210 2693 4493 331 2919 2455 118 4651 1027 3761 4188 3191 4003 3037 4089 3778 3801 3640 1350 4846 710 435 2431 631 3123 3302 3156 3945 
######################
Dijkstra with heap time taken is: 0.247499
Source: 3839 Target: 3945
######################
3839 3817 1294 4141 337 476 2338 520 3056 732 942 9 2966 1197 4848 489 2385 3272 4041 2605 4702 4124 4459 2925 3090 2143 4843 443 1173 3793 3284 2894 5 1534 2986 2784 853 2968 2791 4313 128 273 2843 4152 393 849 3434 4014 2323 422 3004 45 3752 276 2343 2864 3128 774 3229 1657 1147 4264 268 3940 3945 
######################
kruskal time taken is: 1.6756
*********For pair of graphs******
For first graph:
0th iteration of source & target
source: 1456target: 4413
Dijkstra without heap time taken is: 0.014271
Source: 1456 Target: 4413
######################
1456 1455 1454 1657 668 2281 748 749 750 751 2473 382 3682 1272 982 981 3223 952 2862 2553 2554 2900 4265 1373 1374 4743 1621 3336 3337 2333 1931 1442 4248 3001 3018 3019 995 2766 4147 2897 2898 3951 1041 1042 4553 4413 
######################
Source: 1456 Target: 4413
######################
1456 1455 1454 1657 668 2281 748 749 750 751 3713 1604 815 814 3175 2335 1223 1224 3672 3673 4050 3615 714 713 3748 1555 1554 989 3336 1621 4743 1374 1373 4265 4266 4267 1838 2998 2999 2401 2400 242 4797 3403 4901 4413 
######################
Dijkstra with heap time taken is: 0.002229
Source: 1456 Target: 4413
######################
1456 1455 1454 1657 668 2281 748 749 750 751 2473 382 3682 1272 982 981 3223 952 2862 2553 2554 2900 4265 1373 1374 4743 1621 3336 3337 2333 1931 1442 4248 3001 3018 3019 995 2766 4147 2897 2898 3951 1041 1042 4553 4413 
######################
kruskal time taken is: 0.008807
1th iteration of source & target
source: 903target: 4243
Dijkstra without heap time taken is: 0.019337
Source: 903 Target: 4243
######################
903 2633 2634 4488 4487 4145 2934 2933 4165 3958 3957 3956 3955 1158 1425 4664 893 3967 2840 2839 2838 235 234 2927 2530 2529 620 621 1159 1420 950 951 952 3223 981 982 1272 3682 4244 4243 
######################
Source: 903 Target: 4243
######################
903 2633 2634 4488 4487 4145 2934 2933 4165 3958 3957 3956 3955 1158 1425 4664 893 3967 2840 2839 2838 235 234 2927 2530 2529 620 621 1159 1420 950 951 952 3223 981 982 1272 3682 4244 4243 
######################
Dijkstra with heap time taken is: 0.000695
Source: 903 Target: 4243
######################
903 2633 2634 4488 4487 4145 2934 2933 4165 3958 3957 3956 3955 1158 1425 4664 893 3967 2840 2839 2838 235 234 2927 2530 2529 620 621 1159 1420 950 951 952 3223 981 982 1272 3682 4244 4243 
######################
kruskal time taken is: 0.009482
2th iteration of source & target
source: 1146target: 382
Dijkstra without heap time taken is: 0.011973
Source: 1146 Target: 382
######################
1146 1145 1815 4123 4122 1575 2937 2458 2457 989 3336 1621 4743 1374 1373 4265 2900 2554 2553 2862 952 3223 981 982 1272 3682 382 
######################
Source: 1146 Target: 382
######################
1146 1145 1815 4123 4122 1575 2937 2936 2935 2934 4145 4487 4341 2906 2511 1501 4234 1537 530 2473 382 
######################
Dijkstra with heap time taken is: 0.000598
Source: 1146 Target: 382
######################
1146 1145 1815 4123 4122 1575 2937 2458 2457 989 3336 1621 4743 1374 1373 4265 2900 2554 2553 2862 952 3223 981 982 1272 3682 382 
######################
kruskal time taken is: 0.00867
3th iteration of source & target
source: 3310target: 806
Dijkstra without heap time taken is: 0.16911
Source: 3310 Target: 806
######################
3310 2805 2804 1560 1559 1193 3912 3913 1283 236 545 94 1525 3232 4743 1374 1373 4265 2900 2554 2553 2862 952 3223 981 982 1272 3682 382 2473 530 1537 4234 2295 2294 2293 810 1279 806 
######################
Source: 3310 Target: 806
######################
3310 2805 2804 1560 1559 1193 3568 3357 1485 1499 1500 1501 4234 2295 2294 2293 810 1279 806 
######################
Dijkstra with heap time taken is: 0.00412
Source: 3310 Target: 806
######################
3310 2805 2804 1560 1559 1193 3912 3913 1283 236 545 94 1525 3232 4743 1374 1373 4265 2900 2554 2553 2862 952 3223 981 982 1272 3682 382 2473 530 1537 4234 2295 2294 2293 810 1279 806 
######################
kruskal time taken is: 0.008192
4th iteration of source & target
source: 1540target: 82
Dijkstra without heap time taken is: 0.048954
Source: 1540 Target: 82
######################
1540 1048 2684 2683 3382 3381 1089 1088 4801 2710 2711 3369 1991 1990 1776 3806 70 2461 3699 3698 3697 270 304 82 
######################
Source: 1540 Target: 82
######################
1540 1048 2684 2683 3382 3381 1089 1088 751 2473 530 1537 1536 1777 1776 3806 70 2461 3699 3698 3697 270 304 82 
######################
Dijkstra with heap time taken is: 0.001327
Source: 1540 Target: 82
######################
1540 1048 2684 2683 3382 3381 1089 1088 4801 2710 2711 3369 1991 1990 1776 3806 70 2461 3699 3698 3697 270 304 82 
######################
kruskal time taken is: 0.008695
For second graph:
0th iteration of source & target
source: 1456target: 4413
Dijkstra without heap time taken is: 0.467709
Source: 1456 Target: 4413
######################
1456 2256 1305 2008 591 2938 1424 4106 1252 1556 2506 1073 624 4108 4095 4192 3909 2111 386 1415 1932 887 2023 3896 3320 1349 2235 443 3599 1683 52 1469 821 1027 3488 2498 1282 3332 3247 43 2965 3021 4461 2531 3470 988 4487 1179 146 4413 
######################
Source: 1456 Target: 4413
######################
1456 2256 1305 2008 591 2938 1424 4106 1252 1556 2506 1073 624 4108 4095 1339 4195 83 795 831 603 147 1441 3399 4337 2230 653 1365 1089 2356 4879 2272 3120 1232 4211 4197 3341 306 4234 4221 1840 2132 4803 3427 3566 4215 730 2215 3362 3965 1094 3315 4181 293 2968 1771 139 4184 1349 2686 1857 1291 3337 851 4462 4406 928 569 921 4413 
######################
Dijkstra with heap time taken is: 0.394211
Source: 1456 Target: 4413
######################
1456 2256 1305 2008 591 2938 1424 4106 1252 1556 2506 1073 2509 2442 2519 498 3439 1100 281 4449 259 1710 613 1619 3041 1029 3488 2498 1282 3332 3247 43 2965 3021 4461 2531 3470 988 4487 1179 146 4413 
######################
kruskal time taken is: 4.19589
1th iteration of source & target
source: 903target: 4243
Dijkstra without heap time taken is: 0.597909
Source: 903 Target: 4243
######################
903 1995 4173 216 3976 1298 240 213 4250 2811 4623 1328 4435 4566 1757 3549 530 2194 4717 4243 
######################
Source: 903 Target: 4243
######################
903 1995 4173 216 3976 1298 240 213 4250 2811 4623 1328 4435 4566 1757 3549 530 2194 4717 4243 
######################
Dijkstra with heap time taken is: 0.438312
Source: 903 Target: 4243
######################
903 1995 4173 216 3976 1298 240 213 4250 2811 4623 1328 4435 4566 940 4625 1324 4327 268 3783 425 2712 4860 4082 4120 2777 2490 1029 3041 1619 613 1710 259 4449 281 3661 536 4717 4243 
######################
kruskal time taken is: 1.78943
2th iteration of source & target
source: 1146target: 382
Dijkstra without heap time taken is: 0.203588
Source: 1146 Target: 382
######################
1146 3487 3056 2975 4392 1076 417 4549 4566 940 4625 1324 4327 268 3783 425 2712 4860 4082 4120 2777 2490 1029 3488 4807 1300 2757 4043 930 1950 2760 2892 2904 1690 3733 3534 1185 2343 1807 622 195 2976 3876 2158 2793 4786 2521 3171 382 
######################
Source: 1146 Target: 382
######################
1146 3487 3056 2975 4392 1076 417 4549 4566 4435 1328 4623 2811 4403 831 603 147 1441 3399 202 698 4830 2993 3022 1445 3513 2916 2719 315 575 709 339 518 4159 2355 1033 2158 2793 4786 2521 3171 382 
######################
Dijkstra with heap time taken is: 0.166813
Source: 1146 Target: 382
######################
1146 3487 3056 2975 4392 1076 417 4549 4566 940 4625 1324 4327 268 3783 425 2712 4860 4082 4120 2777 2490 1029 3488 4807 1300 2757 4043 930 1950 2760 2892 2904 1690 3733 3534 1185 2343 1807 622 195 2976 3876 2158 2793 4786 2521 3171 382 
######################
kruskal time taken is: 1.68646
3th iteration of source & target
source: 3310target: 806
Dijkstra without heap time taken is: 0.352524
Source: 3310 Target: 806
######################
3310 4183 1911 3183 1107 3399 1441 147 603 831 4403 2811 4623 1328 4435 4566 940 4625 1324 4327 268 3783 425 2712 4860 4082 4120 2777 2490 1029 3488 1027 821 1469 52 1683 3599 443 2235 1349 2222 3927 3308 806 
######################
Source: 3310 Target: 806
######################
3310 4183 1911 3183 1107 3399 202 698 1791 3686 4378 185 2367 1384 4738 4876 3322 4184 1349 2222 3927 3308 806 
######################
Dijkstra with heap time taken is: 0.184319
Source: 3310 Target: 806
######################
3310 4183 1911 3183 1107 3399 1441 147 603 831 4403 2811 4623 1328 4435 4566 940 4625 1324 4327 268 3783 425 2712 4860 4082 4120 2777 2490 1029 3488 1027 821 1469 52 1683 3599 443 2235 1349 2222 3927 3308 806 
######################
kruskal time taken is: 1.68665
4th iteration of source & target
source: 1540target: 82
Dijkstra without heap time taken is: 0.049776
Source: 1540 Target: 82
######################
1540 2532 530 3549 1757 4566 940 4625 1324 4327 268 3783 425 2712 4860 4082 4120 2777 2490 1029 3488 1027 82 
######################
Source: 1540 Target: 82
######################
1540 2532 530 3549 1757 2286 4290 2839 4053 4374 4163 3346 2565 2443 1377 1298 3976 216 4703 2527 1085 4387 4966 1364 4382 3974 577 1015 4653 3444 2622 4913 63 4571 1 2966 409 11 52 1469 821 1027 82 
######################
Dijkstra with heap time taken is: 0.31874
Source: 1540 Target: 82
######################
1540 2532 530 3549 1757 4566 940 4625 1324 4327 268 3783 425 2712 4860 4082 4120 2777 2490 1029 3488 1027 82 
######################
kruskal time taken is: 1.70838
*********For pair of graphs******
For first graph:
0th iteration of source & target
source: 1150target: 4480
Dijkstra without heap time taken is: 0.02063
Source: 1150 Target: 4480
######################
1150 4090 4260 4261 598 599 290 3981 3675 4938 4939 693 2711 231 3083 3082 277 4621 1555 4314 87 833 997 3428 4437 4436 4137 3424 3423 3422 3421 4479 4855 234 235 4011 1052 1053 4153 4154 4381 4007 2102 2101 4727 4802 2926 2927 2504 4579 4580 1023 1083 1084 4825 4676 764 3 3161 3162 3163 2384 1547 4130 2187 2188 730 2700 302 1920 1284 2329 170 3563 4481 4480 
######################
Source: 1150 Target: 4480
######################
1150 4090 4260 2990 3709 3708 1529 1530 1954 1953 1952 4447 2004 2003 3676 3840 3220 3776 3775 1400 3425 4650 586 1351 171 170 3563 4481 4480 
######################
Dijkstra with heap time taken is: 0.000839
Source: 1150 Target: 4480
######################
1150 4090 4260 4261 598 599 290 3981 3675 4938 4939 693 2711 231 3083 3082 277 4621 1555 4314 87 833 997 3428 4437 4436 4137 3424 3423 3422 3421 4479 4855 234 235 4011 1052 1053 4153 4154 4381 4007 2102 2101 4727 4802 2926 2927 2504 4579 4580 1023 1083 1084 4825 4676 764 3 3161 3162 3163 2384 1547 4130 2187 2188 730 2700 302 1920 1284 2329 170 3563 4481 4480 
######################
kruskal time taken is: 0.008626
1th iteration of source & target
source: 3692target: 2604
Dijkstra without heap time taken is: 0.137971
Source: 3692 Target: 2604
######################
3692 4121 4120 2069 2133 2134 2135 3147 1059 2758 4218 2605 2604 
######################
Source: 3692 Target: 2604
######################
3692 4121 4120 2069 2133 2134 2135 3147 1059 2758 4218 2605 2604 
######################
Dijkstra with heap time taken is: 0.003137
Source: 3692 Target: 2604
######################
3692 4121 4120 2069 2133 2134 2135 3147 1059 2758 4218 2605 2604 
######################
kruskal time taken is: 0.008248
2th iteration of source & target
source: 3118target: 835
Dijkstra without heap time taken is: 0.174154
Source: 3118 Target: 835
######################
3118 3119 2023 2024 2025 2518 3183 3182 1410 1555 4314 87 833 997 3428 4437 4436 4137 3424 3423 3422 3421 4479 4855 234 235 4011 4010 1860 1861 118 119 4218 2758 1059 3147 2135 2134 2133 2069 4120 4121 672 835 
######################
Source: 3118 Target: 835
######################
3118 3119 2023 2024 2025 2518 3183 3182 2322 1669 936 1747 1746 2327 1932 1931 3922 3923 2229 683 1251 1250 2994 2995 34 987 4229 4228 4227 265 1211 4876 642 641 640 1104 1103 4119 4120 4121 672 835 
######################
Dijkstra with heap time taken is: 0.004018
Source: 3118 Target: 835
######################
3118 3119 2023 2024 2025 2518 3183 3182 1410 1555 4314 87 833 997 3428 4437 4436 4137 3424 3423 3422 3421 4479 4855 234 235 4011 4010 1860 1861 118 119 4218 2758 1059 3147 2135 2134 2133 2069 4120 4121 672 835 
######################
kruskal time taken is: 0.008806
3th iteration of source & target
source: 679target: 4470
Dijkstra without heap time taken is: 0.120057
Source: 679 Target: 4470
######################
679 65 64 3634 4026 4552 3333 4815 1122 1662 2077 2241 2240 2482 518 519 1099 205 4738 4739 2743 4681 3630 2730 1797 2407 2406 3167 4470 
######################
Source: 679 Target: 4470
######################
679 65 64 3634 4026 4552 3333 4815 1122 1662 2077 2241 2240 2482 518 519 1099 205 4738 4739 2743 4681 3630 2730 1797 2407 2406 3167 4470 
######################
Dijkstra with heap time taken is: 0.003251
Source: 679 Target: 4470
######################
679 65 64 3634 4026 4552 3333 4815 1122 1662 2077 2241 2240 2482 518 519 1099 205 4738 4739 2743 4681 3630 2730 1797 2407 2406 3167 4470 
######################
kruskal time taken is: 0.00864
4th iteration of source & target
source: 1373target: 3134
Dijkstra without heap time taken is: 0.172389
Source: 1373 Target: 3134
######################
1373 1372 4017 4018 3745 2841 4110 3058 1092 3134 
######################
Source: 1373 Target: 3134
######################
1373 1372 4017 4018 3745 2841 4110 3058 1092 3134 
######################
Dijkstra with heap time taken is: 0.004462
Source: 1373 Target: 3134
######################
1373 1372 4017 4018 3745 2841 4110 3058 1092 3134 
######################
kruskal time taken is: 0.008607
For second graph:
0th iteration of source & target
source: 40target: 3232
Dijkstra without heap time taken is: 0.440628
Source: 40 Target: 3232
######################
40 3904 4354 3169 2205 1381 1289 2235 4687 611 1708 1226 3606 1030 3900 1063 2591 653 2179 110 2299 519 1360 2909 1833 206 3615 2366 1794 1000 3014 4015 974 2748 137 3415 1510 2784 1361 4333 683 3232 
######################
Source: 40 Target: 3232
######################
40 3925 4567 534 1000 3014 4015 974 2748 137 3415 1510 2784 1361 4333 683 3232 
######################
Dijkstra with heap time taken is: 0.244832
Source: 40 Target: 3232
######################
40 3904 4354 3169 2205 2481 956 3450 1936 2434 1970 3861 3765 305 4120 938 1023 3573 4212 27 4902 1467 1791 4407 2258 3606 1030 3900 1063 2591 653 2179 110 2299 519 1360 2909 1833 206 3615 2366 1794 1000 3014 4015 974 2748 137 3415 1510 2784 1361 4333 683 3232 
######################
kruskal time taken is: 4.20628
1th iteration of source & target
source: 3801target: 4345
Dijkstra without heap time taken is: 0.458108
Source: 3801 Target: 4345
######################
3801 20 839 4213 562 408 4467 3520 932 1316 2989 947 3692 3385 1649 2839 4090 221 1386 2851 835 1226 3606 1030 3222 3942 4345 
######################
Source: 3801 Target: 4345
######################
3801 20 839 4213 562 2620 676 75 2408 1286 4599 860 1691 4947 3128 4554 1905 4587 879 4251 1301 3846 3534 3287 2969 1058 2562 3613 2267 3050 565 3321 1056 4304 4380 1117 3502 3983 3385 3692 1154 4785 2872 195 4777 4345 
######################
Dijkstra with heap time taken is: 0.13785
Source: 3801 Target: 4345
######################
3801 20 839 4213 562 408 4467 3520 4975 3105 4640 1443 3400 700 4496 1925 3788 183 232 1684 4365 587 1540 3246 727 3106 1490 2464 981 2299 110 2179 653 2591 1063 3900 1030 3222 3942 4345 
######################
kruskal time taken is: 1.80875
2th iteration of source & target
source: 4050target: 4539
Dijkstra without heap time taken is: 0.275103
Source: 4050 Target: 4539
######################
4050 4732 861 4795 1856 1843 3667 1541 4624 3197 832 2030 101 2076 2860 2631 2254 2203 896 1853 4902 1467 1791 4407 2258 3606 1030 3900 1063 2591 653 2179 110 2299 981 2464 1490 4767 4460 1200 2905 3937 475 446 601 1976 5 4539 
######################
Source: 4050 Target: 4539
######################
4050 4732 861 4795 1856 1843 3667 1541 4624 3197 832 2030 101 2076 2860 2631 2254 1968 289 3661 2842 2653 4539 
######################
Dijkstra with heap time taken is: 0.124264
Source: 4050 Target: 4539
######################
4050 4732 861 4795 1856 1843 3667 1541 4624 3197 832 2030 101 2076 2860 2631 2254 2203 896 1853 4902 1467 1791 4407 2258 3606 1030 3900 1063 2591 653 2179 1972 3321 565 981 2299 519 1360 2909 1833 206 3615 2366 1794 1000 534 4567 3754 1632 515 1036 2881 3556 52 4198 2146 3372 4197 2220 2474 1405 4794 3613 2267 3050 2841 3937 475 446 601 1976 5 4539 
######################
kruskal time taken is: 1.69699
3th iteration of source & target
source: 3310target: 3345
Dijkstra without heap time taken is: 0.551579
Source: 3310 Target: 3345
######################
3310 3179 602 4420 1544 3111 719 2922 1200 2905 3937 2841 3050 2267 3613 4578 223 4077 2741 3292 504 3790 714 4587 879 1818 2596 173 4564 3516 2136 37 1603 187 357 4072 3266 680 2852 152 2375 3551 656 4468 3478 2767 3627 4455 2641 217 1937 3876 3397 1444 4690 4004 3163 1604 3345 
######################
Source: 3310 Target: 3345
######################
3310 3179 602 4420 3301 3999 3533 1870 4586 778 3757 2893 331 1075 3840 3784 2594 3105 4640 1443 3400 700 4496 1925 3788 4608 4760 27 4212 3573 1023 938 4120 305 3765 3861 1983 4292 1883 2076 2860 2631 2254 2203 916 4818 4690 4004 3163 1604 3345 
######################
Dijkstra with heap time taken is: 0.336226
Source: 3310 Target: 3345
######################
3310 3179 602 4420 1544 3111 719 2922 1200 4460 4767 1490 2464 981 2299 519 1360 2909 1833 206 3615 2366 1794 2710 2287 2638 2738 3388 154 2389 3022 4180 2066 1924 677 3063 2017 1079 266 1577 1309 2563 3417 1855 551 2556 452 4039 4696 4061 3945 1378 4462 3194 3568 1882 1398 4285 2486 2059 4926 4806 2637 4962 2662 1370 3678 3591 1770 3345 
######################
kruskal time taken is: 1.77439
4th iteration of source & target
source: 4860target: 4882
Dijkstra without heap time taken is: 0.346079
Source: 4860 Target: 4882
######################
4860 3708 2434 1936 3450 956 2481 2205 1381 1289 3136 481 2520 3533 1870 2936 1377 1645 2913 1116 581 2359 3369 250 214 1174 869 3176 41 240 4045 1314 884 3192 1844 4882 
######################
Source: 4860 Target: 4882
######################
4860 3708 2434 1936 3450 9 2034 4727 2457 4656 4077 2741 4859 97 2498 4797 110 1844 4882 
######################
Dijkstra with heap time taken is: 0.447501
Source: 4860 Target: 4882
######################
4860 3708 2434 1936 3450 956 2481 2205 1381 1289 2235 4687 611 1708 1226 3606 1030 3900 1063 2591 653 2179 1972 3321 565 981 2299 519 1360 2909 1833 206 3615 2366 1794 2710 2287 2638 2738 3388 154 1589 4490 3113 937 295 4200 3281 1504 4323 884 3192 1844 4882 
######################
kruskal time taken is: 1.68471
*********For pair of graphs******
For first graph:
0th iteration of source & target
source: 1687target: 2059
Dijkstra without heap time taken is: 0.010671
Source: 1687 Target: 2059
######################
1687 3470 1575 3623 3622 1806 3662 4371 304 303 1646 1647 3013 3012 3011 3010 48 47 3564 3563 4103 58 57 532 3726 3727 3728 4416 4758 4543 4542 1364 2253 4757 4756 728 727 3667 1281 2492 2493 2406 2405 2512 4114 2352 3474 1029 2059 
######################
Source: 1687 Target: 2059
######################
1687 3470 1575 3623 3622 1806 3662 4371 304 303 1646 1647 3013 3012 3011 3010 48 47 3564 3563 4103 58 57 532 3726 3727 3728 4416 4758 4757 4756 728 727 3667 1281 2492 2493 2406 2405 2512 4114 2352 3474 1029 2059 
######################
Dijkstra with heap time taken is: 0.00246
Source: 1687 Target: 2059
######################
1687 3470 1575 3623 3622 1806 3662 4371 304 303 1646 1647 3013 3012 3011 3010 48 47 3564 3563 4103 58 57 532 3726 3727 3728 4416 4758 4757 4756 728 727 3667 1281 2492 2493 2406 2405 2512 4114 2352 3474 1029 2059 
######################
kruskal time taken is: 0.008585
1th iteration of source & target
source: 152target: 3204
Dijkstra without heap time taken is: 0.003753
Source: 152 Target: 3204
######################
152 151 332 123 122 4040 3425 1749 1750 2613 4701 702 4756 728 727 3667 1281 2492 2493 2406 2405 2512 4114 3204 
######################
Source: 152 Target: 3204
######################
152 151 332 123 122 4040 3425 1749 1750 2613 4701 702 4756 4757 1529 4599 2957 2956 1986 1923 1666 1667 952 4113 4114 3204 
######################
Dijkstra with heap time taken is: 0.002132
Source: 152 Target: 3204
######################
152 151 332 123 122 4040 3425 1749 1750 2613 4701 702 4756 728 727 3667 1281 2492 2493 2406 2405 2512 4114 3204 
######################
kruskal time taken is: 0.008674
2th iteration of source & target
source: 1476target: 4220
Dijkstra without heap time taken is: 0.075116
Source: 1476 Target: 4220
######################
1476 4781 4780 4499 2000 4204 4203 2290 4660 3778 776 775 3710 3711 3178 2492 1281 3667 727 728 4756 4757 4758 4416 3728 3727 3726 532 57 58 4103 3563 3564 47 48 3010 3011 3012 3013 1647 1646 303 304 4371 3662 1806 3622 3621 1336 3374 2192 640 420 421 883 882 881 1945 2670 2669 4220 
######################
Source: 1476 Target: 4220
######################
1476 4781 4780 4499 2000 4204 4203 2290 4660 3778 776 2873 3518 1353 4176 3480 2722 1755 506 2751 2518 2519 282 496 495 3620 2538 2537 2536 3104 2669 4220 
######################
Dijkstra with heap time taken is: 0.003127
Source: 1476 Target: 4220
######################
1476 4781 4780 4499 2000 4204 4203 2290 4660 3778 776 775 3710 3711 3178 2492 1281 3667 727 728 4756 4757 4758 4416 3728 3727 3726 532 57 58 4103 3563 3564 47 48 3010 3011 3012 3013 1647 1646 303 304 4371 3662 1806 3622 3621 1336 3374 2192 640 420 421 883 882 881 1945 2670 2669 4220 
######################
kruskal time taken is: 0.010195
3th iteration of source & target
source: 2935target: 4105
Dijkstra without heap time taken is: 0.180634
Source: 2935 Target: 4105
######################
2935 290 289 4856 3643 3572 4729 49 2241 2242 1135 1136 2499 2500 1600 4152 4153 2755 47 3611 3473 374 375 4230 761 2297 2298 2372 4106 4105 
######################
Source: 2935 Target: 4105
######################
2935 290 289 4937 4330 4329 2135 2621 2622 1453 3751 3750 400 913 914 915 3706 2799 4188 4187 1824 2420 2421 1501 1500 609 2120 2119 2118 4915 4525 4524 2373 2372 4106 4105 
######################
Dijkstra with heap time taken is: 0.003907
Source: 2935 Target: 4105
######################
2935 290 289 4856 3643 3572 4729 49 2241 2242 1135 1136 2499 2500 1600 4152 4153 2755 47 3611 3473 374 375 4230 761 2297 2298 2372 4106 4105 
######################
kruskal time taken is: 0.0088
4th iteration of source & target
source: 2239target: 4554
Dijkstra without heap time taken is: 0.188031
Source: 2239 Target: 4554
######################
2239 1785 2655 2654 2210 2211 2212 3229 3230 1696 2711 4158 4157 4324 2659 1334 1960 3997 3998 1574 1573 75 4644 3240 3239 3238 3011 3010 48 47 3564 3563 4103 58 57 532 3726 3727 3728 4416 4758 4543 4542 1364 2253 4757 4756 728 727 3667 1281 2492 2493 2406 2405 4238 1820 1821 1083 1084 236 235 259 2318 4738 2622 3764 2913 638 1407 814 2923 2922 1484 1485 3232 3233 4554 
######################
Source: 2239 Target: 4554
######################
2239 1785 2655 2654 2210 2211 2212 3229 3230 1696 2711 4158 4157 4324 2659 1334 1960 3997 3998 1574 1573 75 4644 3240 2520 1744 431 1417 1418 1700 1701 2006 2195 4866 1341 906 868 1238 2457 2456 4788 1350 4130 3437 3499 608 607 1016 1015 771 1562 747 4739 259 2318 4738 2622 3764 2913 638 1407 814 2923 2922 1484 1485 3232 3233 4554 
######################
Dijkstra with heap time taken is: 0.004521
Source: 2239 Target: 4554
######################
2239 1785 2655 2654 2210 2211 2212 3229 3230 1696 2711 4158 4157 4324 2659 1334 1960 3997 3998 1574 1573 75 4644 3240 3239 3238 3011 3010 48 47 3564 3563 4103 58 57 532 3726 3727 3728 4416 4758 4757 4756 728 727 3667 1281 2492 2493 2406 2405 4238 1820 1821 1083 1084 236 235 259 2318 4738 2622 3764 2913 638 1407 814 2923 2922 1484 1485 3232 3233 4554 
######################
kruskal time taken is: 0.00868
For second graph:
0th iteration of source & target
source: 1687target: 2059
Dijkstra without heap time taken is: 0.494023
Source: 1687 Target: 2059
######################
1687 865 4564 966 3863 1724 3087 1288 4154 2379 1159 1841 2138 2907 2774 1379 426 288 3230 4087 2050 73 2702 1320 3498 1886 3393 130 2901 1251 3404 1604 2850 3483 701 4663 4294 4066 3222 4236 272 2556 4626 2654 138 3333 2059 
######################
Source: 1687 Target: 2059
######################
1687 865 274 2977 1932 3509 3333 2059 
######################
Dijkstra with heap time taken is: 0.075777
Source: 1687 Target: 2059
######################
1687 865 4564 966 4825 2239 2986 4706 4995 4267 1332 3222 4236 272 2556 4626 2654 138 3333 2059 
######################
kruskal time taken is: 4.19209
1th iteration of source & target
source: 152target: 3204
Dijkstra without heap time taken is: 0.492413
Source: 152 Target: 3204
######################
152 3686 3666 166 2498 1689 187 1619 1078 2518 3209 3211 356 1193 4492 1226 3395 3049 3159 3782 1473 4813 4684 2303 2526 577 4386 253 3605 1196 4039 3198 2994 858 4680 883 3382 3204 
######################
Source: 152 Target: 3204
######################
152 3686 3666 166 1407 2385 2214 676 2419 3565 2542 120 341 2200 3204 
######################
Dijkstra with heap time taken is: 0.168282
Source: 152 Target: 3204
######################
152 3686 3666 166 2498 1689 187 1619 1078 2518 3209 3211 356 1193 4492 1226 3395 3049 3159 3782 1473 4813 4684 2303 2526 577 4386 253 3605 1196 4039 3198 2994 858 4680 883 3382 3204 
######################
kruskal time taken is: 1.8042
2th iteration of source & target
source: 1476target: 4220
Dijkstra without heap time taken is: 0.126456
Source: 1476 Target: 4220
######################
1476 4984 1947 1747 4144 3941 1357 1297 3973 616 2751 1196 3605 253 4386 577 2526 2303 4684 4813 1473 3782 3159 3049 3395 1226 4492 1193 356 3211 3209 2518 1078 1619 187 1689 710 1013 3483 701 4410 4670 1527 3883 4196 2091 4220 
######################
Source: 1476 Target: 4220
######################
1476 4984 1947 1747 106 1850 816 3046 105 1351 51 3286 4914 1026 2794 31 2584 4017 1963 4582 2637 3021 4016 651 562 2430 4079 3742 3883 4196 2091 4220 
######################
Dijkstra with heap time taken is: 0.165962
Source: 1476 Target: 4220
######################
1476 4984 1947 1747 4144 3941 1357 1297 3973 616 2751 1196 3605 253 4386 577 2526 2303 4684 4813 1473 3782 3159 3049 3395 1226 4492 1193 356 3211 3209 2518 1078 1619 187 1689 710 1013 3483 701 4410 4670 1527 3883 4196 2091 4220 
######################
kruskal time taken is: 1.69209
3th iteration of source & target
source: 2935target: 4105
Dijkstra without heap time taken is: 0.264062
Source: 2935 Target: 4105
######################
2935 4744 2154 1872 847 2025 664 3847 3782 3159 3049 3395 1226 4492 1193 356 3211 3209 2518 1078 1619 187 1689 487 3123 1372 4258 4210 3104 1311 2717 2836 3403 2237 1101 4580 1902 3278 1552 3827 3363 203 1617 3023 346 1109 699 454 114 2734 3117 90 2657 4186 1990 2637 4582 1963 4017 1212 2741 4105 
######################
Source: 2935 Target: 4105
######################
2935 4744 2154 1872 847 2025 664 3847 3782 3159 3049 3395 1226 4492 1193 356 3211 3209 2518 1078 1619 187 1689 487 3123 1372 4258 2039 150 2340 250 1254 4914 2287 4985 1816 1212 2741 4105 
######################
Dijkstra with heap time taken is: 0.119704
Source: 2935 Target: 4105
######################
2935 4744 2154 1872 847 2025 664 3847 3782 3159 3049 3395 1226 4492 1193 356 3211 3209 2518 1078 1619 187 1689 487 3123 3714 3770 1974 4917 1508 622 4519 3122 2114 1973 3001 1094 1439 4932 150 2340 250 1254 4914 2287 2337 643 1039 4745 1102 772 1585 4396 2286 1503 2131 2430 4079 3742 3883 887 3881 443 591 3539 1709 3018 3948 413 4359 4105 
######################
kruskal time taken is: 1.68868
4th iteration of source & target
source: 2239target: 4554
Dijkstra without heap time taken is: 0.313895
Source: 2239 Target: 4554
######################
2239 2986 4706 4995 4267 1332 3222 4066 4294 4663 701 3483 2850 1604 2420 3152 2728 4079 3742 3883 887 3881 443 591 3539 1709 3018 3948 413 4359 4105 2741 1212 4017 2584 31 2794 4867 4166 4432 1958 4009 833 4554 
######################
Source: 2239 Target: 4554
######################
2239 2986 4706 4995 4267 1332 3222 1566 2979 3386 1615 2658 813 4306 4251 80 4600 4573 240 3496 2421 2939 1829 2683 4554 
######################
Dijkstra with heap time taken is: 0.262981
Source: 2239 Target: 4554
######################
2239 4825 2105 2699 1109 346 3023 1617 203 3363 3827 1552 3278 1902 4580 1101 2237 3403 2836 2717 1311 3104 4210 4258 1372 3123 3714 3770 1974 4917 1508 622 4519 4355 906 4130 2002 791 142 1308 31 2794 4867 4166 4432 1958 4009 833 4554 
######################
kruskal time taken is: 1.77136
*********For pair of graphs******
For first graph:
0th iteration of source & target
source: 4641target: 1486
Dijkstra without heap time taken is: 0.009584
Source: 4641 Target: 1486
######################
4641 1248 3944 1644 1643 1642 3840 823 4905 4904 3406 3405 3337 3336 4274 4275 3930 768 3285 3286 3287 3288 3289 2826 1486 
######################
Source: 4641 Target: 1486
######################
4641 1248 3944 1644 1643 1642 3840 823 4905 4904 3406 3405 3337 3336 4274 4275 3930 768 3285 3286 3287 3288 3289 2826 1486 
######################
Dijkstra with heap time taken is: 0.000954
Source: 4641 Target: 1486
######################
4641 1248 3944 1644 1643 1642 3840 823 4905 4904 3406 3405 3337 3336 4274 4275 3930 768 3285 3286 3287 3288 3289 2826 1486 
######################
kruskal time taken is: 0.041448
1th iteration of source & target
source: 528target: 587
Dijkstra without heap time taken is: 0.049418
Source: 528 Target: 587
######################
528 1647 1825 3767 2782 851 4397 1547 3904 328 487 486 485 2237 380 4566 264 1907 2866 796 2971 2970 1028 447 2521 315 2032 2156 2157 929 4559 588 587 
######################
Source: 528 Target: 587
######################
528 1647 1825 692 3424 3423 277 276 1148 1106 4559 588 587 
######################
Dijkstra with heap time taken is: 0.010546
Source: 528 Target: 587
######################
528 1647 1825 3767 2782 851 4397 1547 3904 328 487 486 485 2237 380 4566 264 1907 2866 796 2971 2970 1028 447 2521 315 2032 2156 2157 929 4559 588 587 
######################
kruskal time taken is: 0.04241
2th iteration of source & target
source: 3253target: 1407
Dijkstra without heap time taken is: 0.646451
Source: 3253 Target: 1407
######################
3253 2369 1969 485 2237 380 4566 264 1907 2866 796 2971 3277 390 1396 3848 4860 4859 584 583 4690 4090 3363 3364 91 92 2412 4965 4966 1805 1617 1618 650 3129 2053 1730 499 500 501 761 3360 4508 4587 4636 4953 2957 1728 358 3374 1407 
######################
Source: 3253 Target: 1407
######################
3253 2369 1969 485 486 1603 1602 2859 4972 4383 4384 4828 1419 1418 1989 3236 3235 160 159 282 3119 4781 4782 1516 451 450 633 2036 3635 3634 1407 
######################
Dijkstra with heap time taken is: 0.011543
Source: 3253 Target: 1407
######################
3253 2369 1969 485 2237 380 4566 264 1907 2866 796 2971 3277 390 1396 3848 4860 4859 584 583 4690 4090 3363 3364 91 92 2412 4965 4966 1805 1617 1618 650 3129 2053 1730 499 500 501 761 3360 4508 4587 4636 4953 2957 1728 358 3374 1407 
######################
kruskal time taken is: 0.042389
3th iteration of source & target
source: 437target: 3147
Dijkstra without heap time taken is: 0.442696
Source: 437 Target: 3147
######################
437 438 2968 2967 3000 3001 4770 1179 1180 15 4874 2718 1895 1894 2726 3886 2670 762 763 2525 3754 4322 1576 1577 1578 1579 3126 1960 2913 2914 692 1825 3789 3788 626 4180 4181 1677 1678 1679 1953 3497 4934 4935 1047 2904 2903 2902 2901 4952 3999 4165 4166 3147 
######################
Source: 437 Target: 3147
######################
437 438 2968 2967 3000 2999 2998 3740 4043 4067 4951 4446 1107 956 957 3973 3972 3971 4892 285 2764 2763 1969 485 2463 4916 1289 1288 3147 
######################
Dijkstra with heap time taken is: 0.014024
Source: 437 Target: 3147
######################
437 438 2968 2967 3000 3001 4770 1179 1180 15 4874 2718 1895 1894 2726 3886 2670 762 763 2525 3754 4322 1576 1577 1578 1579 3126 1960 2913 2914 692 1825 3789 3788 626 4180 4181 1677 1678 1679 1953 3497 4934 4935 1047 2904 2903 2902 2901 4952 3999 4165 4166 3147 
######################
kruskal time taken is: 0.042291
4th iteration of source & target
source: 3677target: 1581
Dijkstra without heap time taken is: 0.226848
Source: 3677 Target: 1581
######################
3677 3678 3613 853 854 3185 2216 2215 1844 2505 2504 2503 3522 3521 4702 4703 929 2157 2156 2032 315 2521 447 1028 2970 2971 796 2866 1907 264 4566 380 2237 485 486 487 328 3904 1547 4397 851 2782 3767 1825 3789 3788 626 4180 4181 4182 4183 1517 927 928 4484 4255 2103 2104 3117 3462 4518 3888 2268 3985 3986 1581 
######################
Source: 3677 Target: 1581
######################
3677 3678 3613 853 854 3185 2216 2215 1844 2505 2506 2507 1371 1330 4056 1220 3100 1987 1875 1876 3054 3475 183 3370 3371 3372 3157 3158 1657 2915 3287 3288 3289 2826 2825 4518 3888 2268 3985 3986 1581 
######################
Dijkstra with heap time taken is: 0.003697
Source: 3677 Target: 1581
######################
3677 3678 3613 853 854 3185 2216 2215 1844 2505 2504 2503 3522 3521 4702 4703 929 2157 2156 2032 315 2521 447 1028 2970 2971 796 2866 1907 264 4566 380 2237 485 486 487 328 3904 1547 4397 851 2782 3767 1825 3789 3788 626 4180 4181 4182 4183 1517 927 928 4484 4255 2103 2104 3117 3462 4518 3888 2268 3985 3986 1581 
######################
kruskal time taken is: 0.008635
For second graph:
0th iteration of source & target
source: 684target: 3238
Dijkstra without heap time taken is: 0.584513
Source: 684 Target: 3238
######################
684 4663 329 3288 637 4122 4501 2716 725 1795 3610 71 632 4177 2930 2517 2276 3254 4230 1100 1387 1628 1602 788 1134 1440 2693 3748 351 1376 3404 4085 2602 1507 2119 989 2753 356 3000 208 3672 703 3859 4200 2889 3134 1129 3014 3353 635 2000 372 3638 565 897 104 3640 1237 3967 402 4022 2616 2175 2870 3335 3428 3393 639 1029 2847 279 4130 3238 
######################
Source: 684 Target: 3238
######################
684 4663 329 3288 637 4122 4501 2716 725 1795 3923 2194 4183 4930 1297 4314 427 1009 2670 3043 2874 2972 1502 4541 3624 1128 1154 1729 2459 2942 3741 3713 3135 489 4144 4810 3635 3827 4224 4759 27 4012 2120 503 969 2344 4640 387 4130 3238 
######################
Dijkstra with heap time taken is: 0.414473
Source: 684 Target: 3238
######################
684 4663 329 3288 637 749 455 3645 1523 1133 1230 3796 2353 4731 2850 223 850 2448 2418 2761 3206 668 2475 1808 1880 1474 667 2998 2831 3227 3140 3129 552 4184 3995 3693 4596 2227 1368 2277 517 2584 3052 167 2079 3756 4516 1466 4031 1336 1102 1337 4863 1845 494 2443 4936 4285 3483 337 4796 1659 1758 694 3625 1409 3361 3518 3591 4238 1623 612 3238 
######################
kruskal time taken is: 4.19115
1th iteration of source & target
source: 255target: 2967
Dijkstra without heap time taken is: 0.265307
Source: 255 Target: 2967
######################
255 4524 1582 4452 1111 4039 1515 429 2939 4970 2477 161 1637 2250 701 2073 2277 517 2584 3052 167 2079 616 3266 56 611 237 3380 3353 3014 1129 3134 2889 4200 3859 703 3672 208 3000 4629 2449 139 2759 2967 
######################
Source: 255 Target: 2967
######################
255 4524 1582 4232 4573 1283 4768 640 1856 88 3063 1123 2967 
######################
Dijkstra with heap time taken is: 0.388844
Source: 255 Target: 2967
######################
255 4524 2516 4124 4102 3805 1117 1577 4004 4605 4797 507 1054 2984 3958 2371 1682 3345 614 3859 703 3672 208 3000 4629 2449 139 2759 2967 
######################
kruskal time taken is: 1.81596
2th iteration of source & target
source: 4805target: 2749
Dijkstra without heap time taken is: 0.274394
Source: 4805 Target: 2749
######################
4805 902 1516 1182 1457 711 3940 827 2852 3551 2648 2360 1539 1924 305 2548 923 4010 3522 2495 3861 3499 751 4177 2930 2517 2276 3254 4230 1100 1387 1628 1602 788 1134 1440 2693 3748 351 1376 3404 4085 2602 1507 2119 989 2753 356 3000 208 3672 703 3859 614 1550 1588 2750 4094 1935 502 3085 3281 2288 2536 1087 552 3129 3140 3227 2831 2998 4150 3149 1469 4676 2454 2865 4619 2749 
######################
Source: 4805 Target: 2749
######################
4805 4579 990 1349 4213 2165 3578 398 1835 4364 3185 548 2152 75 2585 4339 488 3560 2657 4610 3339 3553 2749 
######################
Dijkstra with heap time taken is: 0.330119
Source: 4805 Target: 2749
######################
4805 902 3400 4218 531 4333 4096 42 3770 1620 3417 474 4605 4004 1785 4853 237 611 56 3266 616 2079 167 3052 2584 517 2277 1368 2227 4596 3693 3995 4184 552 3129 3140 3227 2831 2998 4150 3149 1469 4676 2454 2865 4619 2749 
######################
kruskal time taken is: 1.67654
3th iteration of source & target
source: 1077target: 4773
Dijkstra without heap time taken is: 0.41181
Source: 1077 Target: 4773
######################
1077 3557 2771 2312 635 3353 3380 237 611 56 3266 616 2079 167 3052 2584 517 2277 1368 2227 4596 3693 3995 4184 552 3129 3140 3227 2831 2998 667 1474 1880 1808 2475 668 3206 2761 2418 2448 850 3892 3931 503 2120 4012 27 4759 4224 3827 3635 4810 4144 4866 4773 
######################
Source: 1077 Target: 4773
######################
1077 3557 2771 2312 635 2000 372 3638 565 3079 1974 4848 2439 4527 2681 77 2199 892 1490 3827 3635 4810 4144 4866 4773 
######################
Dijkstra with heap time taken is: 0.388492
Source: 1077 Target: 4773
######################
1077 3557 2771 2312 635 3353 3380 237 611 56 3266 616 2079 167 3052 2584 517 2277 1368 2227 4596 3693 3995 4184 552 3129 3140 3227 2831 2998 667 1474 1880 1808 2475 668 3206 2761 2418 2448 850 3892 3931 503 2120 4012 27 4759 4224 3827 3635 4810 4144 4866 4773 
######################
kruskal time taken is: 1.84044
4th iteration of source & target
source: 1650target: 1588
Dijkstra without heap time taken is: 0.028657
Source: 1650 Target: 1588
######################
1650 1741 4810 3635 3827 4224 4759 27 4012 2120 503 3931 3892 850 2448 2418 2761 3206 668 2475 1808 1880 1474 667 2998 2831 3227 3140 3129 552 1087 2536 2288 3281 3085 502 1935 4094 2750 1588 
######################
Source: 1650 Target: 1588
######################
1650 1741 4810 3635 3827 4224 4759 27 4012 2120 503 3931 3892 850 2448 2418 2761 3206 668 2475 1808 1880 1474 667 2998 2831 3227 3140 3129 552 1087 2536 2288 3281 3085 502 1935 4094 2750 1588 
######################
Dijkstra with heap time taken is: 0.038728
Source: 1650 Target: 1588
######################
1650 1741 4810 3635 3827 4224 4759 27 4012 2120 503 3931 3892 850 2448 2418 2761 3206 668 2475 1808 1880 1474 667 2998 2831 3227 3140 3129 552 4184 3995 3693 4596 2227 1368 2277 517 2584 3052 167 2079 616 3266 56 611 237 4853 1785 4004 4605 4797 507 1054 2984 3958 2371 1682 3345 614 1550 1588 
######################
kruskal time taken is: 1.8276
